********************************************************************
CASE 1
3 byzantine clients: RANDOM

(0.8, 4, 'cosine')
[1.        , 1.        , 1.        , 1.        , 1.        ,
 1.        , 0.975     , 0.975     , 0.975     , 0.98571429,
 1.        , 1.        , 1.        , 1.        , 1.        ,
 1.        , 1.        , 1.        , 1.        , 1.        ,
 1.        , 1.        , 1.        , 1.        , 1.        ,
 1.        , 1.        , 1.        , 1.        , 0.98571429]

(0.8, 3, 'cosine')
[1.        , 0.8       , 0.58      , 0.68      , 0.8       ,
 1.        , 1.        , 0.88571429, 0.9       , 0.9       ,
 1.        , 1.        , 1.        , 1.        , 1.        ,
 0.9       , 0.9       , 0.9       , 1.        , 1.        ,
 0.8       , 0.9       , 1.        , 1.        , 0.98571429,
 0.9       , 0.9       , 1.        , 0.9       , 0.8       ]

(0.5, 4, 'cosine')
[0.91309524, 1.        , 0.94642857, 0.93809524, 0.88571429,
 0.88571429, 0.87785714, 0.89285714, 0.90714286, 0.89880952,
 0.93214286, 0.97142857, 0.91714286, 0.90097403, 0.90097403,
 0.85097403, 0.86168831, 0.84214286, 0.86238095, 0.85335498,
 0.89025974, 0.87309524, 0.86714286, 0.87597403, 0.8724026 ,
 0.89214286, 0.84880952, 0.81571429, 0.82002165, 0.85880952]
 
(1.5, 2, 'l2')
[0.65242424, 0.22252747, 0.2260989 , 0.23660144, 0.25705847,
 0.27807692, 0.31642162, 0.34465701, 0.35094817, 0.42408335,
 0.52696078, 0.68380952, 0.69      , 0.74619048, 0.77190476,
 0.76785714, 0.75714286, 0.74880952, 0.74214286, 0.76714286,
 0.78380952, 0.81357143, 0.82785714, 0.82785714, 0.85285714,
 0.86714286, 0.86714286, 0.88142857, 0.88142857, 0.89214286]

(1.5, 2, 'l1')
[0.21428571, 0.21428571, 0.21428571, 0.21428571, 0.21428571,
 0.21428571, 0.21428571, 0.21428571, 0.21428571, 0.21428571,
 0.21428571, 0.21428571, 0.21428571, 0.21428571, 0.21428571,
 0.21428571, 0.21428571, 0.21428571, 0.21428571, 0.21428571,
 0.21428571, 0.21428571, 0.21428571, 0.21428571, 0.21428571,
 0.21428571, 0.21428571, 0.21428571, 0.21428571, 0.21428571]

********************************************************************

********************************************************************
CASE 2
3 byzantine clients: OPPOSITE

(0.8, 4, 'cosine')
[1.  , 0.85, 0.9 , 1.  , 0.93, 0.95, 0.73, 0.68, 0.23, 0.1 , 0.1 ,
 0.05, 0.  , 0.  , 0.  , 0.  , 0.  , 0.  , 0.  , 0.  , 0.  , 0.  ,
 0.  , 0.  , 0.  , 0.  , 0.  , 0.  , 0.  , 0.  ]

(0.8, 3, 'cosine')
[0.2 , 0.  , 0.  , 0.  , 0.3 , 0.48, 0.48, 0.25, 0.24, 0.15, 0.15,
 0.05, 0.  , 0.  , 0.  , 0.  , 0.  , 0.  , 0.  , 0.  , 0.  , 0.  ,
 0.  , 0.  , 0.  , 0.  , 0.  , 0.  , 0.  , 0.  ]

(0.5, 4, 'cosine')
[0.91309524, 0.96      , 0.94642857, 0.94642857, 0.85335498,
 0.88901099, 0.91729323, 0.93142857, 0.76309524, 0.55238095,
 0.20071429, 0.21666667, 0.08      , 0.13      , 0.13      ,
 0.1       , 0.1       , 0.14      , 0.05      , 0.1       ,
 0.14      , 0.1       , 0.13      , 0.125     , 0.08333333,
 0.12333333, 0.12333333, 0.09      , 0.13      , 0.09      ]

(0.8, 2, 'l2')
[0.295423  , 0.21428571, 0.21428571, 0.21428571, 0.21428571,
 0.21428571, 0.21428571, 0.21923077, 0.22115385, 0.23450254,
 0.25513539, 0.30111936, 0.35701626, 0.43305331, 0.48550699,
 0.50540959, 0.52756743, 0.52756743, 0.5305045 , 0.51401099,
 0.50115385, 0.52732268, 0.52116883, 0.48428571, 0.53692641,
 0.51046176, 0.48333333, 0.42392496, 0.40478355, 0.37655123]

(1.5, 2, 'l1')
[0.21428571, 0.21428571, 0.21428571, 0.21428571, 0.21428571,
 0.21428571, 0.21428571, 0.21428571, 0.21428571, 0.21428571,
 0.21428571, 0.21428571, 0.21428571, 0.21428571, 0.21428571,
 0.21428571, 0.21428571, 0.21428571, 0.21428571, 0.21428571,
 0.21428571, 0.21428571, 0.21428571, 0.21428571, 0.21428571,
 0.21428571, 0.21428571, 0.21428571, 0.21428571, 0.21428571]
********************************************************************

********************************************************************
CASE 3
3 byzantine clients: SWAP

(0.8, 4, 'cosine')
[1.        , 1.        , 1.        , 1.        , 1.        ,
 1.        , 1.        , 1.        , 1.        , 1.        ,
 1.        , 1.        , 1.        , 1.        , 1.        ,
 1.        , 1.        , 1.        , 0.98571429, 1.        ,
 1.        , 1.        , 1.        , 1.        , 1.        ,
 1.        , 0.98571429, 1.        , 0.98571429, 0.98571429]

(0.8, 2, 'cosine')
[1.        , 1.        , 1.        , 1.        , 1.        ,
 1.        , 1.        , 1.        , 1.        , 1.        ,
 1.        , 1.        , 1.        , 1.        , 1.        ,
 1.        , 1.        , 1.        , 0.98571429, 0.98571429,
 0.98571429, 0.98571429, 0.98571429, 0.98571429, 0.98571429,
 0.98571429, 0.98571429, 1.        , 1.        , 1.        ]

(0.5, 2, 'cosine')
[0.98571429, 0.98571429, 0.97142857, 0.97142857, 0.94642857,
 0.94642857, 0.89285714, 0.93214286, 0.94642857, 0.95714286,
 0.97142857, 0.95714286, 0.91785714, 0.91785714, 0.93214286,
 0.93571429, 0.90714286, 0.92142857, 0.88214286, 0.90714286,
 0.89285714, 0.90714286, 0.89285714, 0.89642857, 0.89285714,
 0.91071429, 0.89642857, 0.87142857, 0.89642857, 0.88214286]
 
(0.8, 4, 'l2')
[0.23108696, 0.21428571, 0.21428571, 0.21428571, 0.21428571,
 0.21428571, 0.21428571, 0.21428571, 0.21428571, 0.21428571,
 0.22142857, 0.21785714, 0.21785714, 0.22142857, 0.22608696,
 0.24047619, 0.24547619, 0.253706  , 0.27004215, 0.26742781,
 0.26385638, 0.27666132, 0.27666132, 0.27774828, 0.25166132,
 0.25324027, 0.25698713, 0.23198713, 0.23198713, 0.20804774]

(0.8, 4, 'l1')
[0.21428571, 0.21428571, 0.21428571, 0.21428571, 0.21428571,
 0.21428571, 0.21428571, 0.21428571, 0.21428571, 0.21428571,
 0.21428571, 0.21428571, 0.21428571, 0.21428571, 0.21428571,
 0.21428571, 0.21428571, 0.21428571, 0.21428571, 0.21428571,
 0.21428571, 0.21428571, 0.21428571, 0.21428571, 0.21428571,
 0.21428571, 0.21428571, 0.21428571, 0.21428571, 0.21428571]
********************************************************************