********************************************************************
CASE 1
3 byzantine clients: RANDOM

REMOVE
(0.8, 4, 'cosine')， detect_round = 5

array([[0.09412879, 0.09412879, 0.12424242, 0.12670455, 0.13352273,
        0.17272727, 0.2344697 , 0.29015152, 0.32272727, 0.36060606,
        0.39488636, 0.41912879, 0.45568182, 0.44924242, 0.43598485,
        0.42215909, 0.47784091, 0.49867424, 0.51969697, 0.48484848,
        0.44924242, 0.44583333, 0.47935606, 0.51344697, 0.54583333,
        0.55246212, 0.55246212, 0.56496212, 0.55284091, 0.54393939],
       [0.10625   , 0.10738636, 0.1280303 , 0.24507576, 0.31723485,
        0.34166667, 0.34621212, 0.39526515, 0.41401515, 0.45700758,
        0.47594697, 0.51174242, 0.53560606, 0.55587121, 0.58333333,
        0.60909091, 0.61799242, 0.63844697, 0.65530303, 0.66382576,
        0.69261364, 0.68238636, 0.7       , 0.71515152, 0.72897727,
        0.73712121, 0.74943182, 0.75549242, 0.76742424, 0.77897727],
       [0.11136364, 0.11136364, 0.11136364, 0.11155303, 0.15852273,
        0.1625    , 0.20757576, 0.33882576, 0.34867424, 0.37310606,
        0.38712121, 0.39450758, 0.40227273, 0.42291667, 0.43181818,
        0.45018939, 0.46325758, 0.47670455, 0.49981061, 0.53238636,
        0.55833333, 0.60435606, 0.63295455, 0.63011364, 0.66534091,
        0.69507576, 0.67594697, 0.66912879, 0.70018939, 0.72348485],
       [0.12651515, 0.11761364, 0.1217803 , 0.1217803 , 0.1217803 ,
        0.1217803 , 0.12405303, 0.12935606, 0.18314394, 0.23541667,
        0.26609848, 0.29412879, 0.30492424, 0.30965909, 0.31628788,
        0.33011364, 0.33409091, 0.3407197 , 0.34848485, 0.36117424,
        0.36988636, 0.3780303 , 0.38522727, 0.39431818, 0.40265152,
        0.40776515, 0.40151515, 0.41837121, 0.4282197 , 0.43712121],
       [0.09526515, 0.11098485, 0.16628788, 0.20625   , 0.25151515,
        0.32537879, 0.3469697 , 0.37159091, 0.39734848, 0.43125   ,
        0.49318182, 0.53731061, 0.58863636, 0.63276515, 0.6719697 ,
        0.6592803 , 0.68901515, 0.69791667, 0.74109848, 0.75814394,
        0.76704545, 0.77973485, 0.77992424, 0.81060606, 0.80340909,
        0.81401515, 0.82064394, 0.82840909, 0.8282197 , 0.82064394]])

********************************************************************

********************************************************************
CASE 2
3 byzantine clients: OPPOSITE

REMOVE
(0.8, 4, 'cosine')， detect_round = 5

array([[0.12405303, 0.10795455, 0.10378788, 0.1030303 , 0.10492424,
        0.13390152, 0.21969697, 0.26174242, 0.28333333, 0.33503788,
        0.34583333, 0.35814394, 0.37121212, 0.38939394, 0.40359848,
        0.4157197 , 0.42367424, 0.4405303 , 0.45151515, 0.4530303 ,
        0.45738636, 0.46628788, 0.47386364, 0.47575758, 0.4782197 ,
        0.48863636, 0.49867424, 0.51003788, 0.51382576, 0.51685606],
       [0.10056818, 0.16155303, 0.26969697, 0.34981061, 0.65189394,
        0.70606061, 0.73295455, 0.77253788, 0.80340909, 0.82746212,
        0.84375   , 0.8532197 , 0.82954545, 0.84886364, 0.85435606,
        0.8719697 , 0.8780303 , 0.87481061, 0.88068182, 0.8844697 ,
        0.88768939, 0.89015152, 0.89469697, 0.89659091, 0.89602273,
        0.90037879, 0.90359848, 0.90757576, 0.9092803 , 0.91287879],
       [0.06136364, 0.21704545, 0.225     , 0.57083333, 0.65284091,
        0.69829545, 0.74185606, 0.76022727, 0.78655303, 0.8032197 ,
        0.81931818, 0.82481061, 0.83390152, 0.83977273, 0.84564394,
        0.85340909, 0.85492424, 0.86155303, 0.86799242, 0.8782197 ,
        0.87291667, 0.88162879, 0.8842803 , 0.8875    , 0.8905303 ,
        0.88825758, 0.89356061, 0.89488636, 0.89772727, 0.89810606],
       [0.09242424, 0.14412879, 0.15      , 0.16420455, 0.19204545,
        0.24943182, 0.37140152, 0.44526515, 0.58541667, 0.64356061,
        0.67424242, 0.71193182, 0.73844697, 0.74450758, 0.75662879,
        0.7719697 , 0.78333333, 0.79223485, 0.79715909, 0.80359848,
        0.80208333, 0.81780303, 0.81477273, 0.81988636, 0.82291667,
        0.82670455, 0.83295455, 0.83200758, 0.82689394, 0.83617424],
       [0.10189394, 0.10776515, 0.17897727, 0.27253788, 0.59185606,
        0.65776515, 0.69356061, 0.72594697, 0.74488636, 0.74469697,
        0.76022727, 0.76363636, 0.76477273, 0.77386364, 0.7719697 ,
        0.78219697, 0.77670455, 0.78409091, 0.79337121, 0.79223485,
        0.80113636, 0.80681818, 0.80075758, 0.80473485, 0.80606061,
        0.80833333, 0.81231061, 0.80795455, 0.82083333, 0.82424242]])

********************************************************************

********************************************************************
CASE 3
3 byzantine clients: SWAP

REMOVE
(0.8, 4, 'cosine')， detect_round = 5

array([[0.12064394, 0.10795455, 0.10795455, 0.11041667, 0.11363636,
        0.15094697, 0.21590909, 0.24753788, 0.27140152, 0.28731061,
        0.32708333, 0.33314394, 0.34204545, 0.34810606, 0.37102273,
        0.38465909, 0.38863636, 0.40246212, 0.41344697, 0.41761364,
        0.43257576, 0.43882576, 0.44356061, 0.44905303, 0.45075758,
        0.45719697, 0.46117424, 0.46893939, 0.47310606, 0.47897727],
       [0.08143939, 0.19602273, 0.1094697 , 0.16988636, 0.49034091,
        0.61647727, 0.64905303, 0.71079545, 0.75416667, 0.78276515,
        0.80151515, 0.81155303, 0.83162879, 0.84981061, 0.84564394,
        0.85265152, 0.84109848, 0.87481061, 0.88068182, 0.89147727,
        0.89261364, 0.88674242, 0.89412879, 0.8875    , 0.90075758,
        0.90227273, 0.90738636, 0.90852273, 0.90700758, 0.91003788],
       [0.11060606, 0.1905303 , 0.3282197 , 0.4905303 , 0.62897727,
        0.68409091, 0.72897727, 0.75      , 0.77007576, 0.7844697 ,
        0.79943182, 0.8030303 , 0.81420455, 0.82424242, 0.8280303 ,
        0.83579545, 0.84356061, 0.84450758, 0.84564394, 0.84715909,
        0.85397727, 0.85795455, 0.85662879, 0.8625    , 0.86761364,
        0.87064394, 0.86685606, 0.87045455, 0.87291667, 0.87689394],
       [0.09583333, 0.1530303 , 0.10549242, 0.09109848, 0.12121212,
        0.21534091, 0.3217803 , 0.41780303, 0.4969697 , 0.60890152,
        0.60492424, 0.66136364, 0.66268939, 0.68409091, 0.6594697 ,
        0.69356061, 0.71950758, 0.74526515, 0.76136364, 0.75397727,
        0.77613636, 0.78390152, 0.78977273, 0.78712121, 0.79848485,
        0.80170455, 0.79753788, 0.80852273, 0.81306818, 0.8155303 ],
       [0.12083333, 0.11306818, 0.11306818, 0.11590909, 0.14829545,
        0.16988636, 0.23617424, 0.32897727, 0.38825758, 0.47007576,
        0.58920455, 0.6467803 , 0.68030303, 0.7032197 , 0.72045455,
        0.73465909, 0.73958333, 0.74810606, 0.75530303, 0.75814394,
        0.75170455, 0.76856061, 0.76534091, 0.7717803 , 0.77670455,
        0.77348485, 0.76837121, 0.78409091, 0.78181818, 0.79242424]])

********************************************************************